155
148
104
3
94
268
148
224
212
153
228
162
127
33
285
164
71
11
176
118
260
40
164
152
202
34
191
288
33
35
16
9
108
165
130
220
78
213
213
79
83
55
271
281
297
229
112
256
42
103
235
75
107
83
72
208
203
117
282
105
275
195
266
220
178
272
43
181
76
215
149
205
184
3
160
68
15
177
118
43
185
82
1
273
210
75
12
281
222
7
102
77
290
229
80
17
79
76
280
133
201
4
106
269
257
201
128
41
268
126
6
138
281
4
167
248
266
130
28
45
18
127
62
235
250
190
88
98
2
153
51
125
185
289
93
179
85
126
253
110
225
152
25
116
176
178
156
101
186
119
131
98
207
290
238
184
212
179
76
77
195
188
107
292
223
138
278
103
16
178
269
87
205
127
203
141
247
299
8
240
147
289
218
186
185
126
231
71
68
214
213
277
214
4
92
284
264
239
121
214
290
287
99
201
277
31
116
125
218
203
163
33
65
125
105
79
160
27
247
25
13
104
178
82
58
14
198
203
187
127
289
110
3
100
280
132
140
108
132
252
274
51
2
299
291
144
100
180
96
60
49
18
16
292
221
272
121
149
26
37
228
40
235
149
71
190
206
292
259
86
146
146
33
43
100
251
157
212
167
154
117
57
274
5
60
160
280
252
242
178
175
279
145
21
15
206
78
267
47
292
94
185
31
252
57
293
97
61
232
258
277
215
107
179
44
39
238
147
176
112
185
188
89
53
263
77
117
109
296
15
63
297
84
184
299
200
284
192
61
52
220
58
100
69
38
201
289
4
209
24
276
146
174
67
261
151
297
62
173
38
121
164
276
7
277
97
149
108
248
41
229
293
232
252
277
66
134
167
180
223
126
197
22
133
45
40
10
172
69
178
150
245
26
57
284
93
10
270
247
35
251
266
144
123
92
103
179
168
16
26
226
206
0
8
228
237
22
158
80
169
207
146
1
155
185
291
142
160
75
17
295
141
95
178
258
91
17
129
77
6
130
186
153
98
116
19
103
22
85
198
264
97
172
206
210
122
235
44
191
291
263
80
262
62
6
18
296
265
83
165
6
73
1
129
124
114
213
128
79
28
270
247
0
225
267
114
249
228
180
256
237
88
171
4
224
199
70
105
273
1
117
122
267
7
41
26
251
12
212
284
228
228
134
129
230
197
113
30
217
32
185
206
234
48
86
201
48
14
258
264
277
294
76
258
116
85
167
54
295
104
85
143
281
117
271
189
198
97
138
178
196
202
236
274
182
174
297
183
256
77
117
102
257
285
191
251
145
236
113
83
15
140
95
193
272
198
2
218
254
128
233
94
196
266
170
96
155
168
131
270
122
159
253
175
27
193
155
186
193
195
272
8
147
162
94
42
47
277
135
108
88
287
138
190
109
285
180
286
111
171
101
178
235
84
265
96
21
63
187
95
49
138
29
130
275
34
127
125
254
6
18
188
235
253
70
297
205
41
116
209
73
238
242
286
22
28
293
132
259
35
176
98
297
105
6
120
12
262
206
20
195
255
284
74
152
83
205
153
286
264
59
131
201
234
163
168
229
136
0
52
135
220
193
71
241
96
173
163
89
52
142
69
128
1
231
165
66
249
82
0
278
101
154
115
280
47
271
211
182
110
224
195
247
215
163
198
269
120
56
258
263
132
132
230
278
177
96
117
145
142
269
151
291
40
103
238
37
205
27
98
6
40
208
113
294
212
177
87
104
195
61
105
48
227
115
181
133
282
20
182
145
191
216
183
213
173
176
251
96
11
271
86
93
49
164
171
141
247
68
265
11
35
198
217
54
113
239
35
13
60
285
241
262
212
188
190
270
108
19
278
58
230
110
243
170
269
8
216
74
95
200
290
54
103
221
181
144
238
234
237
137
155
21
58
141
236
108
117
56
186
262
92
250
105
204
114
51
160
120
117
139
160
84
156
129
15
128
226
207
285
245
141
115
7
274
268
157
184
233
204
164
169
124
281
256
169
298
165
2
18
80
265
116
260
40
189
111
15
253
287
101
291
239
236
245
88
178
287
75
96
26
2
158
259
148
51
44
222
108
9
112
16
196
292
71
89
226
99
297
0
35
252
100
108
154
14
112
283
55
160
81
211
113
169
298
231
268
8
195
279
237
245
20
8
280
11
62
143
239
95
235
156
129
238
272
11
226
110
103
102
175
134
269
174
290
216
175
89
119
88
124
21
69
87
4
228
28
66
196
84
273
105
249
1
249
124
55
125
168
46
59
95
133
57
287
17
278
42
122
97
244
198
179
60
46
106
210
159
272
203
13
82
232
253
79
98
282
127
279
117
59
257
225
289
220
258
149
227
148
25
63
68
9
178
116
115
225
57
7
61
181
104
162
69
79
247
288
51
92
278
111
280
152
2
175
36
202
260
37
193
221
239
18
48
89
261
104
107
181
82
243
74
137
97
298
287
127
215
189
144
274
290
103
222
91
127
125
281
258
224
10
179
269
249
98
295
276
250
10
152
55
279
142
135
89
61
129
149
87
205
206
205
58
241
288
143
175
246
129
286
79
1
236
240
259
252
121
100
10
102
98
29
294
9
135
38
277
228
192
242
72
244
139
163
123
182
245
86
108
280
29
89
159
52
56
1
187
14
197
115
171
176
85
7
55
277
271
213
89
275
6
72
57
6
55
224
177
210
130
148
39
221
150
293
201
3
61
182
250
8
251
12
111
240
294
30
145
125
254
31
238
49
19
48
239
113
112
102
188
127
128
40
180
45
176
258
37
65
91
146
76
234
110
160
82
235
261
13
166
226
120
192
86
194
239
170
165
143
140
260
128
165
54
147
58
104
143
88
275
63
167
34
216
99
64
121
52
204
298
5
98
128
236
288
103
119
47
189
184
186
239
2
217
71
148
177
170
58
146
179
90
52
76
166
219
129
267
65
185
32
206
266
210
294
48
47
255
99
186
294
204
255
31
296
279
201
154
229
55
255
22
247
204
101
98
45
264
83
96
271
97
134
96
91
17
206
226
298
127
75
156
52
144
130
30
75
14
144
45
88
262
138
299
209
248
136
241
168
256
52
147
27
168
178
256
169
52
299
291
215
148
298
173
281
100
115
174
21
170
95
36
42
106
97
5
84
222
264
210
90
298
226
95
273
246
41
231
287
71
120
18
44
216
149
122
275
269
46
125
148
211
298
83
227
52
207
219
212
46
126
179
148
179
67
250
297
147
94
44
291
161
171
269
204
97
27
294
118
207
275
19
295
26
202
142
38
239
199
115
25
84
241
115
182
18
76
254
268
207
90
39
86
259
258
218
159
185
148
102
143
65
34
294
170
9
99
290
227
44
238
187
207
285
158
35
228
248
253
140
72
266
12
204
63
192
142
142
142
258
17
244
130
276
134
264
29
25
131
262
268
178
116
100
242
279
256
77
145
292
46
291
199
257
84
264
268
100
243
265
159
251
109
86
251
31
49
30
24
66
225
15
43
266
249
293
291
95
11
108
170
127
11
41
8
94
99
22
62
225
137
98
84
299
125
91
213
79
17
64
100
129
90
135
108
224
257
68
40
145
152
76
102
97
196
28
207
42
28
6
4
272
64
263
167
280
208
120
280
75
155
10
15
184
196
92
137
299
232
83
247
157
282
226
278
113
289
205
228
146
240
161
196
216
28
286
122
253
274
239
206
176
264
87
51
124
74
77
76
127
150
227
271
3
150
285
266
151
194
92
228
248
78
10
227
134
57
32
112
250
128
230
89
197
102
116
103
154
41
179
145
205
211
152
296
100
75
125
141
288
218
285
69
257
235
145
152
221
155
120
169
182
257
221
298
131
222
205
163
188
36
16
82
97
183
237
147
10
273
98
257
36
35
59
209
46
273
98
9
183
57
212
46
23
246
66
212
161
48
182
68
171
152
91
45
190
209
112
242
90
149
145
119
50
263
127
123
125
107
146
163
24
49
298
241
116
150
191
72
276
71
127
52
144
108
45
18
137
191
91
79
257
174
53
226
111
115
145
135
228
286
228
157
53
161
239
156
77
285
99
122
55
109
171
69
13
180
207
95
113
119
159
280
161
85
234
96
218
76
69
189
265
116
8
272
269
290
75
274
190
196
31
289
247
97
55
53
148
281
126
289
235
226
31
259
92
81
69
29
48
28
162
117
66
9
3
216
157
105
173
11
163
118
93
110
152
218
155
74
68
114
145
71
54
52
269
283
176
262
221
295
88
176
54
204
69
212
51
285
177
104
55
271
144
292
35
153
65
274
11
247
292
116
173
275
35
273
47
129
206
1
186
292
79
216
43
48
96
233
98
242
100
44
103
142
261
45
289
73
26
299
230
165
98
198
185
182
69
189
142
79
75
89
244
13
280
35
10
115
142
153
168
3
50
81
298
101
98
97
77
75
212
71
197
74
292
292
229
32
181
32
290
194
178
51
104
57
252
139
170
208
290
63
103
130
292
111
99
18
99
73
177
59
251
188
148
124
36
135
209
96
70
290
166
255
174
210
149
109
202
275
33
87
138
40
57
245
110
109
180
223
132
92
28
60
222
23
107
117
25
198
69
39
181
23
28
153
25
70
175
12
3
2
217
152
109
15
78
252
299
273
283
11
149
167
175
139
138
36
178
115
279
86
214
256
109
278
38
20
229
72
287
260
279
270
195
200
15
168
248
121
188
17
17
254
118
65
296
152
142
239
16
161
145
50
19
116
267
33
289
296
236
36
23
175
197
5
67
293
160
216
201
126
80
211
170
28
19
159
169
78
155
68
298
59
5
139
129
251
291
230
161
282
265
288
146
21
293
236
252
21
195
274
4
15
224
181
70
170
37
3
261
182
92
10
56
2
90
51
62
53
36
151
93
4
244
202
65
40
56
84
67
155
118
18
69
18
247
201
112
262
214
224
65
124
250
299
286
224
196
241
236
57
162
26
78
132
60
286
22
118
282
7
72
47
8
21
113
141
282
193
281
194
139
235
160
3
252
1
295
107
279
106
195
40
38
92
68
176
175
183
4
291
190
290
31
285
265
79
267
236
92
18
197
153
112
6
214
212
187
222
193
33
131
241
25
57
16
269
103
194
52
9
19
172
212
180
276
186
157
66
239
193
242
88
48
287
126
213
23
63
58
16
170
268
84
31
12
133
91
149
163
9
107
73
71
221
49
211
262
36
232
45
233
18
224
299
89
4
247
131
24
23
42
96
99
231
166
190
287
244
208
56
79
198
252
70
57
122
245
34
35
29
250
229
22
287
125
246
102
197
293
80
200
93
195
71
199
295
13
157
270
213
142
1
177
87
35
200
248
70
271
273
277
200
155
212
117
29
53
15
49
176
262
197
119
264
220
159
116
118
233
221
42
246
274
26
275
86
164
284
184
222
40
47
236
161
39
266
50
284
205
293
43
23
128
65
65
82
229
189
252
170
298
221
170
64
99
234
257
193
163
82
138
174
271
78
18
64
106
81
6
52
125
59
127
20
113
13
27
152
75
92
172
33
120
114
262
294
122
8
177
166
84
260
213
237
93
236
261
193
72
132
148
92
28
215
47
53
39
136
64
181
78
202
67
281
59
222
31
58
286
226
5
272
191
237
101
272
97
42
139
68
274
44
168
41
66
151
241
54
252
126
165
71
53
214
35
113
208
196
71
96
40
94
266
12
148
42
219
274
112
104
121
170
266
227
66
183
236
196
230
149
230
220
60
95
257
208
58
49
269
258
253
118
39
145
240
20
79
225
209
228
158
58
194
94
257
65
3
189
142
290
26
219
55
169
235
232
81
63
69
170
19
4
138
218
44
103
127
113
140
77
185
294
294
48
61
216
15
221
194
64
159
166
276
197
285
273
289
24
89
200
52
286
286
250
59
125
283
204
234
20
111
39
159
75
104
298
157
140
181
291
207
63
292
189
285
126
23
177
111
148
239
12
39
151
179
285
209
174
271
236
238
164
32
290
185
221
201
36
67
158
113
288
127
159
24
142
126
25
136
37
279
215
16
213
73
96
192
53
196
98
108
87
203
209
36
11
241
153
173
210
79
134
256
211
48
136
140
208
24
197
42
52
195
23
127
240
288
1
147
296
126
196
55
269
29
39
9
29
54
226
283
143
52
213
271
100
153
274
63
159
130
87
72
270
199
245
133
113
6
258
158
200
293
34
116
233
164
182
152
84
37
222
99
293
280
242
284
132
7
16
22
50
119
220
162
99
225
8
257
56
223
255
142
281
128
54
82
225
287
159
126
249
193
66
26
246
141
29
169
138
144
238
296
247
170
149
120
88
291
37
133
269
249
57
256
154
127
16
82
127
3
92
277
239
110
37
232
215
184
298
84
175
127
282
270
32
132
88
22
281
16
208
201
204
210
58
114
235
295
26
203
297
280
287
274
143
112
192
44
184
164
145
195
162
172
146
280
27
273
287
35
125
289
220
2
272
267
32
294
261
135
114
166
121
210
75
210
44
79
87
75
74
287
190
60
272
131
295
161
254
248
113
61
16
188
58
252
167
240
98
27
71
131
160
262
192
96
264
59
6
260
261
52
139
35
14
177
243
269
232
97
162
166
66
63
182
235
178
102
287
153
92
8
226
27
77
204
290
111
70
219
258
234
179
176
79
21
215
177
234
1
270
217
35
272
287
21
213
182
19
240
134
241
198
163
45
280
81
231
183
299
246
84
132
158
69
86
264
265
131
51
158
72
229
285
129
272
110
251
82
271
70
43
290
210
184
118
112
229
120
192
283
240
234
80
6
130
170
143
237
239
93
137
270
160
296
96
120
234
133
274
251
108
219
291
236
126
163
